Quarter turn XZ rotation:  [ [ 6.123233995736766e-17 0 1 0 ] [ 0 1 0 0 ] [ -1 0 6.123233995736766e-17 0 ] [ 0 0 0 1 ] ]
Quarter turn XY rotation:  [ [ 6.123233995736766e-17 1 0 0 ] [ -1 6.123233995736766e-17 0 0 ] [ 0 0 1 0 ] [ 0 0 0 1 ] ]
Quarter turn YZ rotation:  [ [ 1 0 0 0 ] [ 0 6.123233995736766e-17 1 0 ] [ 0 -1 6.123233995736766e-17 0 ] [ 0 0 0 1 ] ]
Translate by 4, 3, 5:  [ [ 1 0 0 4 ] [ 0 1 0 3 ] [ 0 0 1 5 ] [ 0 0 0 1 ] ]
Scale by 2, 3, 4:  [ [ 2 0 0 0 ] [ 0 3 0 0 ] [ 0 0 4 0 ] [ 0 0 0 1 ] ]
Translate and then scale:  [ [ 2 0 0 8 ] [ 0 3 0 9 ] [ 0 0 4 20 ] [ 0 0 0 1 ] ]
Transform a vector with the preceding matrix:  [ 10 15 22 1 ]
Vector multiplied by scaler:  [ 10 20 5 10 ]
Vector dot vector:  20.5
Vector length:  11.269427669584644
Vector norm:  [ 0.26620695282483414 0.5324139056496683 0.7986208584745025 0.08873565094161139 ]
Vector add:  [ 4 8 9.5 2 ]
1/8th turn XZ rotation:  [ [ 0.7071067811865476 0 0.7071067811865476 0 ] [ 0 1 0 0 ] [ -0.7071067811865476 0 0.7071067811865476 0 ] [ 0 0 0 1 ] ]
1/8th turn XY rotation:  [ [ 0.7071067811865476 0.7071067811865476 0 0 ] [ -0.7071067811865476 0.7071067811865476 0 0 ] [ 0 0 1 0 ] [ 0 0 0 1 ] ]
1/8th turn YZ rotation:  [ [ 1 0 0 0 ] [ 0 0.7071067811865476 0.7071067811865476 0 ] [ 0 -0.7071067811865476 0.7071067811865476 0 ] [ 0 0 0 1 ] ]
Translate by -1, 9, 3:  [ [ 1 0 0 -1 ] [ 0 1 0 9 ] [ 0 0 1 3 ] [ 0 0 0 1 ] ]
Scale by 0.2, -0.1, 19:  [ [ 0.2 0 0 0 ] [ 0 -0.1 0 0 ] [ 0 0 19 0 ] [ 0 0 0 1 ] ]
Translate and then scale:  [ [ 0.2 0 0 -0.2 ] [ 0 -0.1 0 -0.9 ] [ 0 0 19 57 ] [ 0 0 0 1 ] ]
Transform a vector with the preceding matrix:  [ 0.6000000000000001 0.30000000000000004 38 0 ]
Vector multiplied by scaler:  [ 30 -30 20 0 ]
Vector dot vector:  9
Vector length:  4.69041575982343
Vector norm:  [ 0.6396021490668313 -0.6396021490668313 0.42640143271122083 0 ]
Vector add:  [ 6 3 11 1 ]





